Const: 1
Energy: 7.220230042911
Acceptance: 0.9999971
var: 9.8055832394559e-06
Alpha: 4.32121212121
Beta: 1e+16

