Const: 1
Energy: 4.5413461673067
Acceptance: 0.999999
var: 4.2138130264761e-06
Alpha: 2.18787878788
Beta: 1e+16

