Const: 1
Energy: 5.5175946834413
Acceptance: 0.9999984
var: 6.2225498012615e-06
Alpha: 2.96363636364
Beta: 1e+16

