Const: 1
Energy: 4.2395673417623
Acceptance: 0.999999
var: 4.863239933709e-06
Alpha: 1.94545454545
Beta: 1e+16

