Const: 1
Energy: 7.5280660255428
Acceptance: 0.999997
var: 9.706571957924e-06
Alpha: 4.56363636364
Beta: 1e+16

