Const: 1
Energy: 7.1585660579656
Acceptance: 0.9999972
var: 8.1961391458853e-06
Alpha: 4.27272727273
Beta: 1e+16

