Const: 1
Energy: 3.2748341503717
Acceptance: 0.9999998
var: 1.0217279338735e-06
Alpha: 1.07272727273
Beta: 1e+16

