Const: 1
Energy: 7.0391776880591
Acceptance: 0.9999973
var: 1.0445257471393e-05
Alpha: 4.17575757576
Beta: 1e+16

