Const: 1
Energy: 3.5156577277844
Acceptance: 0.9999996
var: 1.8832769885346e-06
Alpha: 1.31515151515
Beta: 1e+16

