Const: 1
Energy: 3.1197425522703
Acceptance: 0.9999999
var: 1.482569742596e-06
Alpha: 0.636363636364
Beta: 1e+16

