Const: 1
Energy: 7.6494770754616
Acceptance: 0.999997
var: 1.1258915022751e-05
Alpha: 4.66060606061
Beta: 1e+16

