Const: 1
Energy: 6.683375739605
Acceptance: 0.9999979
var: 8.5120112194669e-06
Alpha: 3.88484848485
Beta: 1e+16

