Const: 1
Energy: 4.1791116630608
Acceptance: 0.999999
var: 2.6713151931681e-06
Alpha: 1.89696969697
Beta: 1e+16

