Const: 1
Energy: 5.642172123996
Acceptance: 0.9999984
var: 2.9687807027444e-05
Alpha: 3.06060606061
Beta: 1e+16

