Const: 1
Energy: 4.7221879206753
Acceptance: 0.9999988
var: 4.8043198813806e-06
Alpha: 2.33333333333
Beta: 1e+16

