Const: 1
Energy: 3.115710437866
Acceptance: 0.9999999
var: 2.171702804877e-06
Alpha: 0.830303030303
Beta: 1e+16

