Const: 1
Energy: 4.8401886794967
Acceptance: 0.9999987
var: 5.300730576743e-06
Alpha: 2.4303030303
Beta: 1e+16

