Const: 1
Energy: 7.7120500859366
Acceptance: 0.999997
var: 1.5406971154771e-05
Alpha: 4.70909090909
Beta: 1e+16

