Const: 1
Energy: 3.100530556536
Acceptance: 0.9999999
var: 6.9784128011278e-06
Alpha: 0.684848484848
Beta: 1e+16

