Const: 1
Energy: 3.2005004665008
Acceptance: 0.9999999
var: 1.2516664018639e-06
Alpha: 0.975757575758
Beta: 1e+16

