Const: 1
Energy: 3.096396382113
Acceptance: 0.9999999
var: 5.4845500258002e-07
Alpha: 0.733333333333
Beta: 1e+16

