Const: 1
Energy: 5.7648561411189
Acceptance: 0.9999983
var: 6.6729106524481e-06
Alpha: 3.15757575758
Beta: 1e+16

