Const: 1
Energy: 4.6630339036263
Acceptance: 0.999999
var: 7.8219257262916e-06
Alpha: 2.28484848485
Beta: 1e+16

