Const: 1
Energy: 4.9624248220729
Acceptance: 0.9999987
var: 1.0113567101139e-05
Alpha: 2.52727272727
Beta: 1e+16

