Const: 1
Energy: 3.1519007066283
Acceptance: 0.9999999
var: 4.8257402000788e-07
Alpha: 0.587878787879
Beta: 1e+16

