Const: 1
Energy: 4.2992886815597
Acceptance: 0.999999
var: 4.7284123837743e-06
Alpha: 1.99393939394
Beta: 1e+16

