Const: 1
Energy: 5.2712230790904
Acceptance: 0.9999986
var: 6.5627935081753e-06
Alpha: 2.7696969697
Beta: 1e+16

