Const: 1
Energy: 6.6232020886732
Acceptance: 0.999998
var: 9.51126389146e-06
Alpha: 3.83636363636
Beta: 1e+16

