Const: 1
Energy: 6.3171599619078
Acceptance: 0.9999981
var: 7.6218772238938e-06
Alpha: 3.59393939394
Beta: 1e+16

