Const: 1
Energy: 4.3574309227614
Acceptance: 0.999999
var: 3.5286078391009e-06
Alpha: 2.04242424242
Beta: 1e+16

