Const: 1
Energy: 7.9491279362274
Acceptance: 0.999997
var: 8.1611577755561e-06
Alpha: 4.90303030303
Beta: 1e+16

