Const: 1
Energy: 5.2075521405181
Acceptance: 0.9999986
var: 6.0231527745634e-06
Alpha: 2.72121212121
Beta: 1e+16

