Const: 1
Energy: 3.1014634496522
Acceptance: 0.9999999
var: 7.6923607457742e-07
Alpha: 0.781818181818
Beta: 1e+16

