Const: 1
Energy: 4.9053547598549
Acceptance: 0.9999987
var: 2.0778231599536e-05
Alpha: 2.47878787879
Beta: 1e+16

