Const: 1
Energy: 5.3300167305171
Acceptance: 0.9999986
var: 5.8615288167271e-06
Alpha: 2.81818181818
Beta: 1e+16

