Const: 1
Energy: 3.5696672658589
Acceptance: 0.9999996
var: 4.328106681376e-06
Alpha: 1.36363636364
Beta: 1e+16

