Const: 1
Energy: 3.2963408177494
Acceptance: 0.9999999
var: 6.69613187364e-07
Alpha: 0.490909090909
Beta: 1e+16

