Const: 1
Energy: 7.3440464324465
Acceptance: 0.999997
var: 8.9196181087838e-06
Alpha: 4.41818181818
Beta: 1e+16

