Const: 1
Energy: 3.7251546473797
Acceptance: 0.9999996
var: 2.56344724298e-06
Alpha: 1.50909090909
Beta: 1e+16

