Const: 1
Energy: 5.8910299621128
Acceptance: 0.9999983
var: 9.0939979487399e-06
Alpha: 3.25454545455
Beta: 1e+16

