Const: 1
Energy: 6.1360755260448
Acceptance: 0.9999982
var: 7.9340742704258e-06
Alpha: 3.44848484848
Beta: 1e+16

