Const: 1
Energy: 6.2555187863812
Acceptance: 0.9999981
var: 7.2169435528217e-06
Alpha: 3.54545454545
Beta: 1e+16

