Const: 1
Energy: 4.4800303291096
Acceptance: 0.999999
var: 4.555481472455e-06
Alpha: 2.13939393939
Beta: 1e+16

