Const: 1
Energy: 6.8608191307799
Acceptance: 0.9999975
var: 7.7038502596834e-06
Alpha: 4.0303030303
Beta: 1e+16

