Const: 1
Energy: 6.0152250232884
Acceptance: 0.9999983
var: 1.1303837438973e-05
Alpha: 3.35151515152
Beta: 1e+16

