Const: 1
Energy: 6.5618258996613
Acceptance: 0.999998
var: 6.9678552435897e-06
Alpha: 3.78787878788
Beta: 1e+16

