Const: 1
Energy: 3.1702663538773
Acceptance: 0.9999999
var: 1.819401935044e-06
Alpha: 0.927272727273
Beta: 1e+16

