Const: 1
Energy: 3.9448337772798
Acceptance: 0.9999992
var: 3.343148852937e-06
Alpha: 1.70303030303
Beta: 1e+16

