Const: 1
Energy: 8.0119568747519
Acceptance: 0.9999969
var: 1.4085834920131e-05
Alpha: 4.95151515152
Beta: 1e+16

