Const: 1
Energy: 4.4182750320567
Acceptance: 0.999999
var: 3.5986894987239e-06
Alpha: 2.09090909091
Beta: 1e+16

