Const: 1
Energy: 5.0220879844746
Acceptance: 0.9999987
var: 4.7077738415662e-06
Alpha: 2.57575757576
Beta: 1e+16

