Const: 1
Energy: 4.0010105399858
Acceptance: 0.9999992
var: 2.765402491753e-06
Alpha: 1.75151515152
Beta: 1e+16

