Const: 1
Energy: 5.7023326386837
Acceptance: 0.9999983
var: 5.4234444657562e-06
Alpha: 3.10909090909
Beta: 1e+16

