Const: 1
Energy: 3.4163844925154
Acceptance: 0.9999999
var: 1.1146986989542e-06
Alpha: 0.442424242424
Beta: 1e+16

