Const: 1
Energy: 3.2099130717908
Acceptance: 0.9999999
var: 5.7373011527296e-07
Alpha: 0.539393939394
Beta: 1e+16

