Const: 1
Energy: 6.9209948292113
Acceptance: 0.9999974
var: 7.9619059446734e-06
Alpha: 4.07878787879
Beta: 1e+16

