Const: 1
Energy: 5.5781706041117
Acceptance: 0.9999984
var: 1.0131554644787e-05
Alpha: 3.01212121212
Beta: 1e+16

