Const: 1
Energy: 7.4046415520444
Acceptance: 0.999997
var: 1.0744751220537e-05
Alpha: 4.46666666667
Beta: 1e+16

