Const: 1
Energy: 3.3671072583577
Acceptance: 0.9999997
var: 1.6717556178681e-06
Alpha: 1.1696969697
Beta: 1e+16

