Const: 1
Energy: 7.771765277626
Acceptance: 0.999997
var: 9.9845130087424e-06
Alpha: 4.75757575758
Beta: 1e+16

