Const: 1
Energy: 3.8882368569588
Acceptance: 0.9999993
var: 2.811464286164e-06
Alpha: 1.65454545455
Beta: 1e+16

