Const: 1
Energy: 4.6452478953986
Acceptance: 0.9999999
var: 1.3765741311746e-06
Alpha: 0.248484848485
Beta: 1e+16

