Const: 1
Energy: 6.5011167977931
Acceptance: 0.999998
var: 8.2215365852174e-06
Alpha: 3.73939393939
Beta: 1e+16

