Const: 1
Energy: 4.1591193369446
Acceptance: 0.9999999
var: 1.1227166662606e-06
Alpha: 0.29696969697
Beta: 1e+16

