Const: 1
Energy: 3.6233322260093
Acceptance: 0.9999996
var: 2.4909157084782e-06
Alpha: 1.41212121212
Beta: 1e+16

