Const: 1
Energy: 3.4155071852027
Acceptance: 0.9999998
var: 2.2613662708642e-06
Alpha: 1.21818181818
Beta: 1e+16

