Const: 1
Energy: 6.8012247167893
Acceptance: 0.9999976
var: 7.4678179404313e-06
Alpha: 3.98181818182
Beta: 1e+16

