Const: 1
Energy: 5.0849082408596
Acceptance: 0.9999987
var: 5.1640557859577e-06
Alpha: 2.62424242424
Beta: 1e+16

