Const: 1
Energy: 5.1476983809993
Acceptance: 0.9999987
var: 8.670760951591e-06
Alpha: 2.67272727273
Beta: 1e+16

