Const: 1
Energy: 3.3191999760559
Acceptance: 0.9999997
var: 1.4873825821679e-06
Alpha: 1.12121212121
Beta: 1e+16

