Const: 1
Energy: 3.5834158422239
Acceptance: 0.9999999
var: 5.9796855782402e-07
Alpha: 0.393939393939
Beta: 1e+16

