Const: 1
Energy: 6.982882018432
Acceptance: 0.9999974
var: 1.36366025892e-05
Alpha: 4.12727272727
Beta: 1e+16

