Const: 1
Energy: 3.6765522451379
Acceptance: 0.9999996
var: 4.4966112565799e-06
Alpha: 1.46060606061
Beta: 1e+16

