Const: 1
Energy: 6.7423027268104
Acceptance: 0.9999978
var: 8.3546508429198e-06
Alpha: 3.93333333333
Beta: 1e+16

