Const: 1
Energy: 7.2821852958953
Acceptance: 0.9999971
var: 9.6497048795208e-06
Alpha: 4.3696969697
Beta: 1e+16

