Const: 1
Energy: 4.6001633009113
Acceptance: 0.999999
var: 3.7848884334862e-06
Alpha: 2.23636363636
Beta: 1e+16

