Const: 1
Energy: 7.591824787097
Acceptance: 0.999997
var: 1.2206862344668e-05
Alpha: 4.61212121212
Beta: 1e+16

