Const: 1
Energy: 5.3928280173607
Acceptance: 0.9999985
var: 6.3102328349287e-06
Alpha: 2.86666666667
Beta: 1e+16

