Const: 1
Energy: 3.8330530027366
Acceptance: 0.9999993
var: 2.54008491874e-06
Alpha: 1.60606060606
Beta: 1e+16

