Const: 1
Energy: 5.9510580331222
Acceptance: 0.9999983
var: 7.7858877638144e-06
Alpha: 3.30303030303
Beta: 1e+16

