Const: 1
Energy: 5.4544425550755
Acceptance: 0.9999985
var: 5.757031612404e-06
Alpha: 2.91515151515
Beta: 1e+16

