Const: 1
Energy: 5.8278839397371
Acceptance: 0.9999983
var: 6.5006151871526e-06
Alpha: 3.20606060606
Beta: 1e+16

