Const: 1
Energy: 3.8205770459193
Acceptance: 0.9999999
var: 8.0895274850177e-07
Alpha: 0.345454545455
Beta: 1e+16

