Const: 1
Energy: 4.7796702784856
Acceptance: 0.9999987
var: 4.4146704006086e-06
Alpha: 2.38181818182
Beta: 1e+16

