Const: 1
Energy: 7.4665943836677
Acceptance: 0.999997
var: 1.137326812098e-05
Alpha: 4.51515151515
Beta: 1e+16

