Const: 1
Energy: 3.7797518056235
Acceptance: 0.9999995
var: 4.906170897504e-06
Alpha: 1.55757575758
Beta: 1e+16

