Const: 1
Energy: 7.0980849925456
Acceptance: 0.9999972
var: 8.252807217421e-06
Alpha: 4.22424242424
Beta: 1e+16

