Const: 1
Energy: 6.3785494701482
Acceptance: 0.9999981
var: 8.7758306636697e-06
Alpha: 3.64242424242
Beta: 1e+16

