Const: 1
Energy: 6.4410465309563
Acceptance: 0.9999981
var: 1.6448345864666e-05
Alpha: 3.69090909091
Beta: 1e+16

