Const: 1
Energy: 3.2362902667627
Acceptance: 0.9999998
var: 1.1040389442374e-06
Alpha: 1.02424242424
Beta: 1e+16

