Const: 1
Energy: 4.1191909591093
Acceptance: 0.9999991
var: 4.0323882164474e-06
Alpha: 1.84848484848
Beta: 1e+16

