Const: 1
Energy: 6.1968115965027
Acceptance: 0.9999981
var: 8.0923668234593e-06
Alpha: 3.49696969697
Beta: 1e+16

