Const: 1
Energy: 7.8323593866563
Acceptance: 0.999997
var: 1.0824776358005e-05
Alpha: 4.80606060606
Beta: 1e+16

