Const: 1
Energy: 3.462882632588
Acceptance: 0.9999997
var: 1.629865026599e-06
Alpha: 1.26666666667
Beta: 1e+16

