Const: 1
Energy: 7.8919045659272
Acceptance: 0.999997
var: 1.0894404976534e-05
Alpha: 4.85454545455
Beta: 1e+16

