Const: 1
Energy: 3.1378753467475
Acceptance: 0.9999999
var: 8.9626505128705e-07
Alpha: 0.878787878788
Beta: 1e+16

